15
31
47
63
70
79
94
95
105
111
118
127
141
142
143
157
159
166
175
177
190
191
207
211
213
214
223
235
238
239
249
255
262
265
271
285
286
287
303
310
316
319
321
334
335
351
352
357
358
367
373
382
383
393
397
399
406
415
427
429
430
431
447
454
463
465
474
478
479
481
495
501
502
511
526
527
528
535
537
543
550
559
573
574
575
589
591
595
598
607
609
622
623
639
640
643
645
646
655
670
671
681
687
694
697
703
711
717
718
719
721
735
742
751
753
766
767
783
789
790
792
799
802
805
814
815
825
831
838
847
859
861
862
863
879
883
886
892
895
897
910
911
913
927
933
934
943
958
959
960
964
967
969
975
982
991
1005
1006
1007
1021
1030
1041
1045
1054
1066
1075
1077
1078
1081
1102
1113
1126
1129
1149
1150
1174
1183
1185
1188
1198
1203
1207
1221
1222
1237
1246
1257
1270
1288
1291
1293
1294
1318
1324
1329
1338
1342
1345
1365
1366

